1236848
1909018
3514927
5714988
10185415
11515673
12492041
12783957
13401302
15172828
20220368
29817862
36440562
36738765
39890761
40275633
41985791
44000829
44151077
50216078
51798439
56561688
58629351
60101295
63936770
65086912
66294030
66989574
68226849
70567791
70955561
71504810
75020957
78748597
83560392
84318849
84976521
85396490
87023917
91207549
92254645
98453385
98914879
100986219
102448637
103780760
104335241
104646320
107307100
114898885
119670128
123464479
123593700
126012487
128323380
128745980
131447546
133688563
139370280
139441811
140983457
147290951
150458622
150612879
153758480
155964281
156191415
156889712
157501579
160395640
161431667
161508415
162761930
164692348
174175838
174903033
176111357
177254675
177646903
178675574
179804020
180194681
183936700
185616450
185839962
192560733
192617189
193118996
193588199
193656186
194064697
198856538
204025805
205816080
208299308
210008171
210985089
212732917
214373732
218040858
221020249
222090008
223547897
226200373
226685945
227055461
227287724
231887135
232338102
234460152
236295457
238437001
243134041
247240314
248345202
250581529
254485186
260494158
260912912
265392900
265932860
268696611
271932800
274675546
274698245
276290417
279130959
280390694
284462615
285857560
286806342
287744703
287753874
289603502
299474148
300291286
301101225
302898703
303010244
306000656
308114458
310374396
313488044
315731997
316218777
319121458
320441495
324953503
330867314
332053265
332346823
333278960
334761641
338177213
338226818
339078570
339325649
339514564
341056297
341269634
346110557
346440940
347669588
347800330
347990867
351053648
351092094
351157765
352689464
354737968
354871896
362148713
362810834
366142233
367028481
367077433
367600486
368003157
368543218
376569126
376682173
377144567
387557258
388786346
391313033
392499670
395054477
395658360
395890577
396344667
399167247
402600132
403549862
404041845
405807219
407368990
408631817
409284181
410684448
412622826
413047024
413634863
418609054
419720005
427074497
431739861
432786296
433215026
433592107
439583447
440335017
441821073
442014972
445419326
453525625
453648381
456950021
460142756
461452060
462314860
463928528
468173676
471363723
471584568
473449333
476858666
478095514
483002374
484108640
485079357
486850635
489247522
490195433
494410755
494950109
495528098
496981956
504586354
508890203
510723171
512990879
513524461
514231346
521215633
523632835
527905582
530422604
531179304
533966657
534253732
541057553
542492345
547675420
547982856
548484210
551965964
553661428
553730593
556964527
561578942
561701990
575533628
582187053
583334951
583479291
586439013
586524328
587617639
590446054
594904218
596181998
597053995
597206048
600807613
605385157
607186346
608907228
609053390
611723348
617840360
619754297
620467885
621159092
621682764
623634284
625120222
628436857
628810172
630230980
630492337
639726707
642474154
646150473
646266756
646643140
648708589
655747860
659272223
661674305
662445507
663859183
664468714
665358628
668357917
672313697
675808017
678827269
684404655
685447354
685896407
688479493
691410037
693010927
695093730
695724444
705252330
706560106
707569535
707589159
710920427
711663811
716902120
717310437
720316458
724552936
727199207
728347307
729597408
730866916
731031737
733063403
733197157
736703794
736838265
737740517
741131265
741427465
741519070
742372035
743458690
745124135
747234058
747925932
748013280
748341016
753988576
759579589
766326317
767389878
767818668
769867158
771636084
772181692
773165352
777139055
779457322
780288771
782166006
785421417
787203610
787626597
790982907
791398427
792437128
796654633
798432671
800311166
805311547
806996282
813698144
814425259
814985772
816108787
817741147
817888339
823498265
825932427
826257987
826405407
826727083
827008651
829008672
829548130
830856462
834257943
836589438
838834712
838852210
839263374
840191524
840249760
840596070
840736573
841712551
842117484
845320526
846316684
847033491
847894373
851914547
852575502
855112806
856089093
856263396
860851376
865347950
865765492
866005687
866572649
867300741
870192495
870625234
871243036
872845095
874425741
875870520
880742981
880975282
883348359
885958168
890135016
891649593
891997007
893649943
893727977
893990355
895132164
895800382
898803493
899023045
900652776
903921624
904024978
907749411
909277192
910643433
913897452
914381156
914777261
917146389
917404753
917657664
917671932
920115671
921400919
921838890
923126518
923895103
925435369
926389493
927579722
929713187
935517431
936041468
939049455
939387571
941933455
945930551
946039825
947408554
948363813
953601761
954321747
956636251
957909133
958933502
959315647
961533148
962426283
965611208
966012620
971333013
974623865
977134070
979673059
981035246
981038209
981577405
984089914
986672072
990699005
991080855
992064178
993093079
995641866
996721185
1000115279
1000293187
1004003732
1006253683
1009696986
1010526027
1019043280
1023902696
1025917648
1026701955
1031459669
1033741429
1034211948
1034338491
1035048447
1035332617
1047521363
1048627486
1050553726
1051450023
1051680037
1053052660
1053132659
1055089482
1056841552
1058612180
1059314577
1059523191
1059992229
1061879156
1069449943
1074534787
1080378673
1083347305
1088481005
1089204909
1090417934
1092940756
1094798867
1095296453
1099094154
1099278276
1099509876
1104645761
1105151817
1107305248
1108094384
1108525665
1116958520
1117865548
1118276043
1121430558
1122055012
1126905545
1129538591
1130079527
1131770513
1137887462
1142792778
1146348800
1147409743
1153178285
1155460797
1160582413
1161456761
1169180856
1176984263
1179391895
1185270451
1186550560
1188476212
1190542596
1191182840
1192281769
1200966123
1203629150
1203953152
1206093431
1206432838
1207261166
1209421671
1209739973
1211118432
1211722267
1213185843
1216459739
1219262688
1220068630
1222295984
1222967192
1225726656
1227833257
1229747543
1232553591
1234168067
1237335919
1239494129
1242411881
1245173207
1245605919
1247690409
1248063302
1249723589
1252706004
1252943000
1253552282
1254240514
1254514680
1255256340
1257138455
1257422625
1257695254
1258138596
1258139240
1258407650
1260661875
1261531852
1263102735
1263764656
1266188105
1266617662
1267109541
1267116204
1274576824
1277880411
1282450653
1282482409
1283933950
1284128271
1284132457
1290299407
1293709414
1294478020
1295148161
1296266701
1298262360
1298565856
1299597795
1301240987
1302854737
1303766155
1304584686
1307498793
1307643644
1308733417
1316051976
1317091467
1318986253
1321405511
1322032465
1325196075
1325244839
1325251972
1330501926
1334865344
1335816668
1336046834
1342224352
1343130370
1344263208
1345380397
1348873369
1350359919
1350382139
1352712339
1354171219
1356591448
1356673437
1356787684
1364626074
1368023397
1369284611
1371710464
1372264482
1378245719
1382877042
1383932104
1384517891
1384769006
1389491123
1389616352
1389652584
1391508250
1393946762
1399661750
1403315152
1403746593
1408474063
1409682525
1410419029
1417857577
1418955144
1422764758
1423401613
1429619842
1430038548
1433353941
1435715478
1436304396
1439372121
1439448931
1446709451
1447989709
1450989626
1454606445
1455976684
1458310029
1458897869
1459195153
1459261443
1460452739
1460601987
1465440594
1465743769
1466088616
1468721104
1468957642
1469076339
1470956022
1471674242
1476516537
1476869520
1479815043
1481791921
1483730254
1487046481
1489750030
1490384441
1491405103
1492402129
1492529603
1493640693
1497034632
1498046826
1498513353
1499322348
1502898875
1503844833
1504351969
1506916358
1513115343
1518025917
1520122560
1520247242
1522366782
1527123206
1528854996
1529169061
1531890683
1532073960
1543749956
1544002560
1545585365
1547179594
1549810978
1550938304
1553228848
1554568048
1554804307
1557057501
1560789477
1561304734
1561491532
1564255269
1568889554
1572496370
1594420501
1596147035
1596965040
1598056053
1598683628
1602718510
1603397043
1604757366
1607404156
1607636037
1608335113
1608771130
1609213293
1609742742
1615519498
1616248593
1617407232
1618018040
1621970315
1623381716
1623395386
1627950508
1628683917
1637127019
1643758009
1644149991
1648537418
1649234658
1652131428
1660005824
1663705897
1665405212
1667422777
1669557908
1673345095
1673346287
1683129409
1683648770
1685451610
1690078274
1693965758
1695883756
1696106627
1698178061
1700735120
1700743112
1710019965
1710579510
1712038449
1712282357
1714924159
1722922426
1728006411
1731345622
1731588573
1731959928
1735514217
1739604994
1740088679
1741876208
1742365327
1742894143
1747290073
1748625718
1749073379
1749877763
1751444564
1754591395
1755643785
1760590993
1762189503
1763908911
1767352763
1767505559
1767797055
1768600137
1770398888
1771888481
1772729474
1772820422
1773854008
1777425326
1783645213
1785350922
1786767284
1787852918
1788116855
1790341029
1791608724
1795365829
1796511350
1796573877
1797778860
1801977503
1807446057
1808559979
1815008533
1820015343
1828918884
1829707318
1831123405
1833313361
1834538537
1835583398
1839000932
1839892733
1841977445
1845621604
1847231280
1848367355
1851668407
1852020022
1853041297
1853101657
1854308417
1856203130
1859079844
1861347142
1863609339
1868555231
1871357053
1872124564
1875317550
1878955568
1880166092
1880458555
1884248008
1884575938
1884709789
1894912331
1897045450
1899335876
1900304041
1901066297
1901406813
1903086577
1914993646
1915303535
1915442255
1915643686
1916086498
1917787211
1919803219
1924043094
1925406145
1925910912
1928245967
1928931531
1932934161
1934328838
1937009004
1937044568
1937989068
1938766796
1939824661
1942575132
1943037965
1943682505
1944513510
1945440378
1947244092
1951459772
1952855435
1953662237
1957932419
1958469451
1963561131
1965043768
1966128020
1967997182
1972829208
1973815150
1973916038
1975595532
1976986509
1978525681
1979605821
1979762529
1981878804
1983529352
1988951005
1995203215
1996460254
1996893094
1997490973
1998000016
1999065602
1999078983
1999434623
2001772465
2004296828
2004355882
2005319401
2008549379
2009423683
2009499595
2015413644
2015471591
2022778810
2024499394
2025063241
2028301688
2030463933
2030846161
2033576081
2037376261
2037570422
2038413316
2039342902
2048001575
2053577850
2054344130
2055739586
2056226528
2056351178
2057929454
2058392915
2059984599
2064572018
2065718354
2066055134
2076142668
2077314167
2079353427
2079552022
2081527339
2082899654
2082946063
2085173984
2086578032
2089745618
2092160851
2101517502
2103811347
2108564553
2110673389
2111371411
2112444320
2116294360
2117628389
2118720709
2122966912
2125522559
2128469607
2130786624
2134300775
2137174395
2146895808
